# Equal-time spatial all-to-all average over all time slices.
# d m n corr err corr_conn err_conn
0 0 -15 5.7155062499999998e-01 4.3862578938907363e-04 5.7154924657724604e-01 4.3862975559358591e-04
1 0 -14 4.2798906250000002e-01 6.6279454062037309e-04 4.2798768407724613e-01 6.6279873082410970e-04
2 0 -13 3.5493999999999998e-01 8.2023611208145426e-04 3.5493862157724609e-01 8.2024572518436497e-04
3 0 -12 3.1111343749999998e-01 9.4140910324360164e-04 3.1111205907724609e-01 9.4141567688519993e-04
4 0 -11 2.8293968749999998e-01 1.0380442043654969e-03 2.8293830907724610e-01 1.0380508242562431e-03
5 0 -10 2.6559406250000001e-01 1.1169313431848317e-03 2.6559268407724612e-01 1.1169394740110203e-03
6 0 -9 2.5622093750000002e-01 1.1762488886078370e-03 2.5621955907724614e-01 1.1762457426250236e-03
7 0 -8 2.5305812500000002e-01 1.2091644149699774e-03 2.5305674657724614e-01 1.2091574788554284e-03
8 0 -7 2.5622093750000002e-01 1.1762488886078370e-03 2.5621955907724614e-01 1.1762457426250236e-03
9 0 -6 2.6559406250000001e-01 1.1169313431848317e-03 2.6559268407724612e-01 1.1169394740110203e-03
10 0 -5 2.8293968749999998e-01 1.0380442043654969e-03 2.8293830907724610e-01 1.0380508242562431e-03
11 0 -4 3.1111343749999998e-01 9.4140910324360164e-04 3.1111205907724609e-01 9.4141567688519993e-04
12 0 -3 3.5493999999999998e-01 8.2023611208145426e-04 3.5493862157724609e-01 8.2024572518436497e-04
13 0 -2 4.2798906250000002e-01 6.6279454062037309e-04 4.2798768407724613e-01 6.6279873082410970e-04
14 0 -1 5.7155062499999998e-01 4.3862578938907363e-04 5.7154924657724604e-01 4.3862975559358591e-04
15 0 0 1.0000000000000000e+00 0.0000000000000000e+00 9.9999862157724606e-01 5.7070387139312508e-06
16 1 -15 4.5484406249999998e-01 6.1268697560513908e-04 4.5484268407724610e-01 6.1268509187096740e-04
17 1 -14 3.7610531250000001e-01 7.6903569339582486e-04 3.7610393407724613e-01 7.6903977065077530e-04
18 1 -13 3.2576656250000002e-01 8.9720485309650530e-04 3.2576518407724614e-01 8.9720721927928875e-04
19 1 -12 2.9321906250000002e-01 9.9874665929412343e-04 2.9321768407724613e-01 9.9874956003171843e-04
20 1 -11 2.7216499999999999e-01 1.0804825842534438e-03 2.7216362157724611e-01 1.0804853541746520e-03
21 1 -10 2.5925593749999998e-01 1.1465064673885062e-03 2.5925455907724609e-01 1.1465061168312995e-03
22 1 -9 2.5325124999999998e-01 1.1861184041733566e-03 2.5324987157724610e-01 1.1861175971816485e-03
23 1 -8 2.5300906249999999e-01 1.1851591503417049e-03 2.5300768407724611e-01 1.1851546438699390e-03
24 1 -7 2.5917093749999998e-01 1.1449800451923484e-03 2.5916955907724609e-01 1.1449807154547617e-03
25 1 -6 2.7182468750000000e-01 1.0816598429170311e-03 2.7182330907724611e-01 1.0816691928762815e-03
26 1 -5 2.9319218749999998e-01 9.9863770858006715e-04 2.9319080907724610e-01 9.9864884515337522e-04
27 1 -4 3.2619468750000002e-01 8.9533818099185104e-04 3.2619330907724614e-01 8.9535280972034901e-04
28 1 -3 3.7636281249999998e-01 7.6869134898088168e-04 3.7636143407724609e-01 7.6870938835333551e-04
29 1 -2 4.5483249999999997e-01 6.1217600599214978e-04 4.5483112157724609e-01 6.1219239686081874e-04
30 1 -1 5.7131624999999997e-01 4.3925536924009281e-04 5.7131487157724603e-01 4.3927734441179044e-04
31 1 0 5.7127656250000003e-01 4.3974553804719909e-04 5.7127518407724609e-01 4.3975411016925262e-04
32 2 -15 3.7611250000000002e-01 7.6999622868394603e-04 3.7611112157724613e-01 7.6999609452648571e-04
33 2 -14 3.3186062500000002e-01 8.7940598502181410e-04 3.3185924657724614e-01 8.7940646045168991e-04
34 2 -13 2.9950718749999999e-01 9.7481979812196406e-04 2.9950580907724611e-01 9.7482546580580226e-04
35 2 -12 2.7698562500000001e-01 1.0535547960913980e-03 2.7698424657724613e-01 1.0535550917376171e-03
36 2 -11 2.6217687499999998e-01 1.1157340202719408e-03 2.6217549657724609e-01 1.1157365816794535e-03
37 2 -10 2.5375093750000000e-01 1.1582297898414511e-03 2.5374955907724611e-01 1.1582347680360579e-03
38 2 -9 2.5145281250000001e-01 1.1722687978330936e-03 2.5145143407724613e-01 1.1722673857456165e-03
39 2 -8 2.5393156249999999e-01 1.1564990174746893e-03 2.5393018407724610e-01 1.1565040905342442e-03
40 2 -7 2.6203937500000002e-01 1.1153688845757207e-03 2.6203799657724614e-01 1.1153771935041204e-03
41 2 -6 2.7686968750000002e-01 1.0535152037781878e-03 2.7686830907724613e-01 1.0535232797939218e-03
42 2 -5 2.9956874999999999e-01 9.7461500371621101e-04 2.9956737157724611e-01 9.7462949934400286e-04
43 2 -4 3.3221812499999998e-01 8.7800860260147111e-04 3.3221674657724609e-01 8.7802501394801575e-04
44 2 -3 3.7632749999999998e-01 7.6985775686973527e-04 3.7632612157724610e-01 7.6987396331360165e-04
45 2 -2 4.2789718750000000e-01 6.6269908352927962e-04 4.2789580907724611e-01 6.6270257375011777e-04
46 2 -1 4.5437312499999999e-01 6.1360431055337925e-04 4.5437174657724611e-01 6.1360000464642556e-04
47 2 0 4.2795749999999999e-01 6.6280248504927916e-04 4.2795612157724611e-01 6.6280646285669584e-04
48 3 -15 3.2596312500000002e-01 8.9727946158356224e-04 3.2596174657724614e-01 8.9728176524889592e-04
49 3 -14 2.9929656249999997e-01 9.7583938527680974e-04 2.9929518407724609e-01 9.7584996150213473e-04
50 3 -13 2.7907406250000000e-01 1.0440291230737636e-03 2.7907268407724611e-01 1.0440390584370031e-03
51 3 -12 2.6396343750000001e-01 1.0987288282863165e-03 2.6396205907724613e-01 1.0987341254557936e-03
52 3 -11 2.5442781250000002e-01 1.1375150148725717e-03 2.5442643407724613e-01 1.1375200563331696e-03
53 3 -10 2.4982812500000001e-01 1.1590929555010622e-03 2.4982674657724610e-01 1.1590988017756046e-03
54 3 -9 2.4977593749999999e-01 1.1586863992043628e-03 2.4977455907724608e-01 1.1586916130649882e-03
55 3 -8 2.5424124999999997e-01 1.1381376996957575e-03 2.5423987157724609e-01 1.1381469860265593e-03
56 3 -7 2.6376062500000003e-01 1.0972578630635038e-03 2.6375924657724614e-01 1.0972677473435138e-03
57 3 -6 2.7844906250000001e-01 1.0437703166351648e-03 2.7844768407724613e-01 1.0437897411960920e-03
58 3 -5 2.9937750000000002e-01 9.7587778189048844e-04 2.9937612157724613e-01 9.7590181963236040e-04
59 3 -4 3.2610062499999998e-01 8.9757924823782983e-04 3.2609924657724609e-01 8.9759281977676839e-04
60 3 -3 3.5466156250000003e-01 8.2230258971069880e-04 3.5466018407724614e-01 8.2230345355375307e-04
61 3 -2 3.7560281249999999e-01 7.7152526104823469e-04 3.7560143407724611e-01 7.7152523372364982e-04
62 3 -1 3.7572968750000002e-01 7.7135837692624844e-04 3.7572830907724614e-01 7.7136450600448459e-04
63 3 0 3.5470906250000001e-01 8.2149363209715279e-04 3.5470768407724612e-01 8.2150056407201118e-04
64 4 -15 2.9339062500000002e-01 9.9951235913053470e-04 2.9338924657724613e-01 9.9952397979395451e-04
65 4 -14 2.7674968750000001e-01 1.0551077044391236e-03 2.7674830907724612e-01 1.0551241499218481e-03
66 4 -13 2.6402031250000002e-01 1.0993819124418488e-03 2.6401893407724614e-01 1.0993922813995745e-03
67 4 -12 2.5472031249999999e-01 1.1316407206592989e-03 2.5471893407724611e-01 1.1316488905805560e-03
68 4 -11 2.4907124999999999e-01 1.1510933722308327e-03 2.4906987157724608e-01 1.1511002509555510e-03
69 4 -10 2.4720031249999999e-01 1.1577359424073336e-03 2.4719893407724608e-01 1.1577432390079527e-03
70 4 -9 2.4910874999999999e-01 1.1511735402269937e-03 2.4910737157724608e-01 1.1511812554750906e-03
71 4 -8 2.5452718749999997e-01 1.1315453489025738e-03 2.5452580907724609e-01 1.1315579640375345e-03
72 4 -7 2.6365875000000000e-01 1.0983840320699541e-03 2.6365737157724611e-01 1.0983961650097118e-03
73 4 -6 2.7652843750000000e-01 1.0545824189495206e-03 2.7652705907724612e-01 1.0546005117729345e-03
74 4 -5 2.9326281250000003e-01 9.9924917078301665e-04 2.9326143407724614e-01 9.9926393302009480e-04
75 4 -4 3.1089875000000000e-01 9.4463539244316367e-04 3.1089737157724612e-01 9.4464706064927408e-04
76 4 -3 3.2550499999999999e-01 8.9932256247411040e-04 3.2550362157724611e-01 8.9932798978939173e-04
77 4 -2 3.3132125000000001e-01 8.8278765232288451e-04 3.3131987157724613e-01 8.8278885203409878e-04
78 4 -1 3.2542312499999998e-01 8.9893214283931792e-04 3.2542174657724610e-01 8.9893425653474050e-04
79 4 0 3.1102531249999998e-01 9.4280020608387483e-04 3.1102393407724610e-01 9.4280289432080769e-04
80 5 -15 2.7197562500000000e-01 1.0832680015200242e-03 2.7197424657724611e-01 1.0832812686542449e-03
81 5 -14 2.6207031250000001e-01 1.1173813724918618e-03 2.6206893407724613e-01 1.1173932518853300e-03
82 5 -13 2.5465593749999998e-01 1.1387157563791642e-03 2.5465455907724610e-01 1.1387269119397204e-03
83 5 -12 2.4916968749999999e-01 1.1513567831440421e-03 2.4916830907724608e-01 1.1513664367086647e-03
84 5 -11 2.4650000000000000e-01 1.1581696564515063e-03 2.4649862157724609e-01 1.1581735972983642e-03
85 5 -10 2.4655593749999999e-01 1.1578163272195517e-03 2.4655455907724608e-01 1.1578260599777095e-03
86 5 -9 2.4910656249999999e-01 1.1513529542379356e-03 2.4910518407724608e-01 1.1513628286729095e-03
87 5 -8 2.5421062500000002e-01 1.1389982846473857e-03 2.5420924657724614e-01 1.1390116965436282e-03
88 5 -7 2.6194531250000003e-01 1.1158763716936999e-03 2.6194393407724614e-01 1.1158914497321178e-03
89 5 -6 2.7192937499999997e-01 1.0826327950843664e-03 2.7192799657724609e-01 1.0826470985358042e-03
90 5 -5 2.8289406249999999e-01 1.0405336595414260e-03 2.8289268407724610e-01 1.0405493447419960e-03
91 5 -4 2.9277031250000002e-01 1.0021473251370261e-03 2.9276893407724613e-01 1.0021531492562603e-03
92 5 -3 2.9876187500000001e-01 9.7863120143887078e-04 2.9876049657724613e-01 9.7863718502844447e-04
93 5 -2 2.9872687500000000e-01 9.7901235959623476e-04 2.9872549657724612e-01 9.7901681596933646e-04
94 5 -1 2.9291656249999998e-01 1.0020616415270679e-03 2.9291518407724609e-01 1.0020629269153788e-03
95 5 0 2.8315625000000000e-01 1.0409132389847628e-03 2.8315487157724611e-01 1.0409188039209036e-03
96 6 -15 2.5929625000000001e-01 1.1473168907689586e-03 2.5929487157724612e-01 1.1473264661051054e-03
97 6 -14 2.5381124999999999e-01 1.1594251653432618e-03 2.5380987157724610e-01 1.1594341170035642e-03
98 6 -13 2.4974812499999999e-01 1.1611653547965025e-03 2.4974674657724608e-01 1.1611749674843817e-03
99 6 -12 2.4725531249999999e-01 1.1590802429477423e-03 2.4725393407724608e-01 1.1590895208056671e-03
100 6 -11 2.4631843749999999e-01 1.1585257654860000e-03 2.4631705907724608e-01 1.1585320857549980e-03
101 6 -10 2.4717406250000001e-01 1.1598358872923235e-03 2.4717268407724610e-01 1.1598499993004277e-03
102 6 -9 2.4958718750000000e-01 1.1621976294925260e-03 2.4958580907724609e-01 1.1622124949062411e-03
103 6 -8 2.5335031250000001e-01 1.1597435483617906e-03 2.5334893407724612e-01 1.1597615531021310e-03
104 6 -7 2.5887687500000001e-01 1.1467682163877699e-03 2.5887549657724612e-01 1.1467808538801487e-03
105 6 -6 2.6547999999999999e-01 1.1182469056518780e-03 2.6547862157724611e-01 1.1182602744632235e-03
106 6 -5 2.7163906249999997e-01 1.0834548329077555e-03 2.7163768407724609e-01 1.0834617636344798e-03
107 6 -4 2.7610781249999999e-01 1.0568502205246717e-03 2.7610643407724611e-01 1.0568580181126441e-03
108 6 -3 2.7808218750000002e-01 1.0467749870426053e-03 2.7808080907724614e-01 1.0467792571038134e-03
109 6 -2 2.7658031249999998e-01 1.0569597807056318e-03 2.7657893407724610e-01 1.0569686393797945e-03
110 6 -1 2.7189437500000002e-01 1.0830689326191050e-03 2.7189299657724614e-01 1.0830723928366430e-03
111 6 0 2.6564437499999999e-01 1.1186971846436763e-03 2.6564299657724610e-01 1.1187057694483091e-03
112 7 -15 2.5322406250000001e-01 1.1869576142184571e-03 2.5322268407724613e-01 1.1869713146294308e-03
113 7 -14 2.5094656250000003e-01 1.1749747962381668e-03 2.5094518407724614e-01 1.1749852872226334e-03
114 7 -13 2.4948593750000000e-01 1.1614626117050311e-03 2.4948455907724609e-01 1.1614699332426087e-03
115 7 -12 2.4872312499999999e-01 1.1533517769926863e-03 2.4872174657724608e-01 1.1533620754553709e-03
116 7 -11 2.4861437500000000e-01 1.1532125979973025e-03 2.4861299657724609e-01 1.1532243446578253e-03
117 7 -10 2.4938593749999999e-01 1.1629800661774783e-03 2.4938455907724608e-01 1.1630011656511164e-03
118 7 -9 2.5105343749999998e-01 1.1763741020801681e-03 2.5105205907724609e-01 1.1763941139182085e-03
119 7 -8 2.5313656250000000e-01 1.1873249942022704e-03 2.5313518407724611e-01 1.1873401372759489e-03
120 7 -7 2.5592843749999999e-01 1.1777518069058192e-03 2.5592705907724611e-01 1.1777647495910318e-03
121 7 -6 2.5883031249999999e-01 1.1473193042225852e-03 2.5882893407724611e-01 1.1473324651232678e-03
122 7 -5 2.6166687500000002e-01 1.1184212789093328e-03 2.6166549657724614e-01 1.1184373371834345e-03
123 7 -4 2.6328937499999999e-01 1.1007342536312693e-03 2.6328799657724611e-01 1.1007404262089794e-03
124 7 -3 2.6361781249999999e-01 1.1004812468861280e-03 2.6361643407724611e-01 1.1004851726428419e-03
125 7 -2 2.6200218749999998e-01 1.1178899036233610e-03 2.6200080907724610e-01 1.1178972154097025e-03
126 7 -1 2.5916875000000000e-01 1.1460508486346712e-03 2.5916737157724612e-01 1.1460615085949499e-03
127 7 0 2.5610812500000002e-01 1.1768393630790005e-03 2.5610674657724614e-01 1.1768492275984381e-03
128 8 -15 2.5292187500000002e-01 1.1857583259742212e-03 2.5292049657724613e-01 1.1857730535125692e-03
129 8 -14 2.5372375000000003e-01 1.1595333525146010e-03 2.5372237157724614e-01 1.1595461368227936e-03
130 8 -13 2.5409500000000002e-01 1.1399241726974649e-03 2.5409362157724613e-01 1.1399280119354859e-03
131 8 -12 2.5395000000000001e-01 1.1336181448960228e-03 2.5394862157724613e-01 1.1336218673772490e-03
132 8 -11 2.5374062500000000e-01 1.1396591108165579e-03 2.5373924657724611e-01 1.1396739635326240e-03
133 8 -10 2.5329906250000001e-01 1.1597232460057753e-03 2.5329768407724612e-01 1.1597432874077946e-03
134 8 -9 2.5314249999999999e-01 1.1868580311319883e-03 2.5314112157724611e-01 1.1868744594846477e-03
135 8 -8 2.5294875000000000e-01 1.2102286731104786e-03 2.5294737157724612e-01 1.2102440337381447e-03
136 8 -7 2.5314249999999999e-01 1.1868580311319883e-03 2.5314112157724611e-01 1.1868744594846477e-03
137 8 -6 2.5329906250000001e-01 1.1597232460057753e-03 2.5329768407724612e-01 1.1597432874077946e-03
138 8 -5 2.5374062500000000e-01 1.1396591108165579e-03 2.5373924657724611e-01 1.1396739635326240e-03
139 8 -4 2.5395000000000001e-01 1.1336181448960228e-03 2.5394862157724613e-01 1.1336218673772490e-03
140 8 -3 2.5409500000000002e-01 1.1399241726974649e-03 2.5409362157724613e-01 1.1399280119354859e-03
141 8 -2 2.5372375000000003e-01 1.1595333525146010e-03 2.5372237157724614e-01 1.1595461368227936e-03
142 8 -1 2.5292187500000002e-01 1.1857583259742212e-03 2.5292049657724613e-01 1.1857730535125692e-03
143 8 0 2.5289312500000000e-01 1.2103241506636506e-03 2.5289174657724611e-01 1.2103431493180655e-03
144 9 -15 2.5916875000000000e-01 1.1460508486346712e-03 2.5916737157724612e-01 1.1460615085949499e-03
145 9 -14 2.6200218749999998e-01 1.1178899036233610e-03 2.6200080907724610e-01 1.1178972154097025e-03
146 9 -13 2.6361781249999999e-01 1.1004812468861280e-03 2.6361643407724611e-01 1.1004851726428419e-03
147 9 -12 2.6328937499999999e-01 1.1007342536312693e-03 2.6328799657724611e-01 1.1007404262089794e-03
148 9 -11 2.6166687500000002e-01 1.1184212789093328e-03 2.6166549657724614e-01 1.1184373371834345e-03
149 9 -10 2.5883031249999999e-01 1.1473193042225852e-03 2.5882893407724611e-01 1.1473324651232678e-03
150 9 -9 2.5592843749999999e-01 1.1777518069058192e-03 2.5592705907724611e-01 1.1777647495910318e-03
151 9 -8 2.5313656250000000e-01 1.1873249942022704e-03 2.5313518407724611e-01 1.1873401372759489e-03
152 9 -7 2.5105343749999998e-01 1.1763741020801681e-03 2.5105205907724609e-01 1.1763941139182085e-03
153 9 -6 2.4938593749999999e-01 1.1629800661774783e-03 2.4938455907724608e-01 1.1630011656511164e-03
154 9 -5 2.4861437500000000e-01 1.1532125979973025e-03 2.4861299657724609e-01 1.1532243446578253e-03
155 9 -4 2.4872312499999999e-01 1.1533517769926863e-03 2.4872174657724608e-01 1.1533620754553709e-03
156 9 -3 2.4948593750000000e-01 1.1614626117050311e-03 2.4948455907724609e-01 1.1614699332426087e-03
157 9 -2 2.5094656250000003e-01 1.1749747962381668e-03 2.5094518407724614e-01 1.1749852872226334e-03
158 9 -1 2.5322406250000001e-01 1.1869576142184571e-03 2.5322268407724613e-01 1.1869713146294308e-03
159 9 0 2.5610812500000002e-01 1.1768393630790005e-03 2.5610674657724614e-01 1.1768492275984381e-03
160 10 -15 2.7189437500000002e-01 1.0830689326191050e-03 2.7189299657724614e-01 1.0830723928366430e-03
161 10 -14 2.7658031249999998e-01 1.0569597807056318e-03 2.7657893407724610e-01 1.0569686393797945e-03
162 10 -13 2.7808218750000002e-01 1.0467749870426053e-03 2.7808080907724614e-01 1.0467792571038134e-03
163 10 -12 2.7610781249999999e-01 1.0568502205246717e-03 2.7610643407724611e-01 1.0568580181126441e-03
164 10 -11 2.7163906249999997e-01 1.0834548329077555e-03 2.7163768407724609e-01 1.0834617636344798e-03
165 10 -10 2.6547999999999999e-01 1.1182469056518780e-03 2.6547862157724611e-01 1.1182602744632235e-03
166 10 -9 2.5887687500000001e-01 1.1467682163877699e-03 2.5887549657724612e-01 1.1467808538801487e-03
167 10 -8 2.5335031250000001e-01 1.1597435483617906e-03 2.5334893407724612e-01 1.1597615531021310e-03
168 10 -7 2.4958718750000000e-01 1.1621976294925260e-03 2.4958580907724609e-01 1.1622124949062411e-03
169 10 -6 2.4717406250000001e-01 1.1598358872923235e-03 2.4717268407724610e-01 1.1598499993004277e-03
170 10 -5 2.4631843749999999e-01 1.1585257654860000e-03 2.4631705907724608e-01 1.1585320857549980e-03
171 10 -4 2.4725531249999999e-01 1.1590802429477423e-03 2.4725393407724608e-01 1.1590895208056671e-03
172 10 -3 2.4974812499999999e-01 1.1611653547965025e-03 2.4974674657724608e-01 1.1611749674843817e-03
173 10 -2 2.5381124999999999e-01 1.1594251653432618e-03 2.5380987157724610e-01 1.1594341170035642e-03
174 10 -1 2.5929625000000001e-01 1.1473168907689586e-03 2.5929487157724612e-01 1.1473264661051054e-03
175 10 0 2.6564437499999999e-01 1.1186971846436763e-03 2.6564299657724610e-01 1.1187057694483091e-03
176 11 -15 2.9291656249999998e-01 1.0020616415270679e-03 2.9291518407724609e-01 1.0020629269153788e-03
177 11 -14 2.9872687500000000e-01 9.7901235959623476e-04 2.9872549657724612e-01 9.7901681596933646e-04
178 11 -13 2.9876187500000001e-01 9.7863120143887078e-04 2.9876049657724613e-01 9.7863718502844447e-04
179 11 -12 2.9277031250000002e-01 1.0021473251370261e-03 2.9276893407724613e-01 1.0021531492562603e-03
180 11 -11 2.8289406249999999e-01 1.0405336595414260e-03 2.8289268407724610e-01 1.0405493447419960e-03
181 11 -10 2.7192937499999997e-01 1.0826327950843664e-03 2.7192799657724609e-01 1.0826470985358042e-03
182 11 -9 2.6194531250000003e-01 1.1158763716936999e-03 2.6194393407724614e-01 1.1158914497321178e-03
183 11 -8 2.5421062500000002e-01 1.1389982846473857e-03 2.5420924657724614e-01 1.1390116965436282e-03
184 11 -7 2.4910656249999999e-01 1.1513529542379356e-03 2.4910518407724608e-01 1.1513628286729095e-03
185 11 -6 2.4655593749999999e-01 1.1578163272195517e-03 2.4655455907724608e-01 1.1578260599777095e-03
186 11 -5 2.4650000000000000e-01 1.1581696564515063e-03 2.4649862157724609e-01 1.1581735972983642e-03
187 11 -4 2.4916968749999999e-01 1.1513567831440421e-03 2.4916830907724608e-01 1.1513664367086647e-03
188 11 -3 2.5465593749999998e-01 1.1387157563791642e-03 2.5465455907724610e-01 1.1387269119397204e-03
189 11 -2 2.6207031250000001e-01 1.1173813724918618e-03 2.6206893407724613e-01 1.1173932518853300e-03
190 11 -1 2.7197562500000000e-01 1.0832680015200242e-03 2.7197424657724611e-01 1.0832812686542449e-03
191 11 0 2.8315625000000000e-01 1.0409132389847628e-03 2.8315487157724611e-01 1.0409188039209036e-03
192 12 -15 3.2542312499999998e-01 8.9893214283931792e-04 3.2542174657724610e-01 8.9893425653474050e-04
193 12 -14 3.3132125000000001e-01 8.8278765232288451e-04 3.3131987157724613e-01 8.8278885203409878e-04
194 12 -13 3.2550499999999999e-01 8.9932256247411040e-04 3.2550362157724611e-01 8.9932798978939173e-04
195 12 -12 3.1089875000000000e-01 9.4463539244316367e-04 3.1089737157724612e-01 9.4464706064927408e-04
196 12 -11 2.9326281250000003e-01 9.9924917078301665e-04 2.9326143407724614e-01 9.9926393302009480e-04
197 12 -10 2.7652843750000000e-01 1.0545824189495206e-03 2.7652705907724612e-01 1.0546005117729345e-03
198 12 -9 2.6365875000000000e-01 1.0983840320699541e-03 2.6365737157724611e-01 1.0983961650097118e-03
199 12 -8 2.5452718749999997e-01 1.1315453489025738e-03 2.5452580907724609e-01 1.1315579640375345e-03
200 12 -7 2.4910874999999999e-01 1.1511735402269937e-03 2.4910737157724608e-01 1.1511812554750906e-03
201 12 -6 2.4720031249999999e-01 1.1577359424073336e-03 2.4719893407724608e-01 1.1577432390079527e-03
202 12 -5 2.4907124999999999e-01 1.1510933722308327e-03 2.4906987157724608e-01 1.1511002509555510e-03
203 12 -4 2.5472031249999999e-01 1.1316407206592989e-03 2.5471893407724611e-01 1.1316488905805560e-03
204 12 -3 2.6402031250000002e-01 1.0993819124418488e-03 2.6401893407724614e-01 1.0993922813995745e-03
205 12 -2 2.7674968750000001e-01 1.0551077044391236e-03 2.7674830907724612e-01 1.0551241499218481e-03
206 12 -1 2.9339062500000002e-01 9.9951235913053470e-04 2.9338924657724613e-01 9.9952397979395451e-04
207 12 0 3.1102531249999998e-01 9.4280020608387483e-04 3.1102393407724610e-01 9.4280289432080769e-04
208 13 -15 3.7572968750000002e-01 7.7135837692624844e-04 3.7572830907724614e-01 7.7136450600448459e-04
209 13 -14 3.7560281249999999e-01 7.7152526104823469e-04 3.7560143407724611e-01 7.7152523372364982e-04
210 13 -13 3.5466156250000003e-01 8.2230258971069880e-04 3.5466018407724614e-01 8.2230345355375307e-04
211 13 -12 3.2610062499999998e-01 8.9757924823782983e-04 3.2609924657724609e-01 8.9759281977676839e-04
212 13 -11 2.9937750000000002e-01 9.7587778189048844e-04 2.9937612157724613e-01 9.7590181963236040e-04
213 13 -10 2.7844906250000001e-01 1.0437703166351648e-03 2.7844768407724613e-01 1.0437897411960920e-03
214 13 -9 2.6376062500000003e-01 1.0972578630635038e-03 2.6375924657724614e-01 1.0972677473435138e-03
215 13 -8 2.5424124999999997e-01 1.1381376996957575e-03 2.5423987157724609e-01 1.1381469860265593e-03
216 13 -7 2.4977593749999999e-01 1.1586863992043628e-03 2.4977455907724608e-01 1.1586916130649882e-03
217 13 -6 2.4982812500000001e-01 1.1590929555010622e-03 2.4982674657724610e-01 1.1590988017756046e-03
218 13 -5 2.5442781250000002e-01 1.1375150148725717e-03 2.5442643407724613e-01 1.1375200563331696e-03
219 13 -4 2.6396343750000001e-01 1.0987288282863165e-03 2.6396205907724613e-01 1.0987341254557936e-03
220 13 -3 2.7907406250000000e-01 1.0440291230737636e-03 2.7907268407724611e-01 1.0440390584370031e-03
221 13 -2 2.9929656249999997e-01 9.7583938527680974e-04 2.9929518407724609e-01 9.7584996150213473e-04
222 13 -1 3.2596312500000002e-01 8.9727946158356224e-04 3.2596174657724614e-01 8.9728176524889592e-04
223 13 0 3.5470906250000001e-01 8.2149363209715279e-04 3.5470768407724612e-01 8.2150056407201118e-04
224 14 -15 4.5437312499999999e-01 6.1360431055337925e-04 4.5437174657724611e-01 6.1360000464642556e-04
225 14 -14 4.2789718750000000e-01 6.6269908352927962e-04 4.2789580907724611e-01 6.6270257375011777e-04
226 14 -13 3.7632749999999998e-01 7.6985775686973527e-04 3.7632612157724610e-01 7.6987396331360165e-04
227 14 -12 3.3221812499999998e-01 8.7800860260147111e-04 3.3221674657724609e-01 8.7802501394801575e-04
228 14 -11 2.9956874999999999e-01 9.7461500371621101e-04 2.9956737157724611e-01 9.7462949934400286e-04
229 14 -10 2.7686968750000002e-01 1.0535152037781878e-03 2.7686830907724613e-01 1.0535232797939218e-03
230 14 -9 2.6203937500000002e-01 1.1153688845757207e-03 2.6203799657724614e-01 1.1153771935041204e-03
231 14 -8 2.5393156249999999e-01 1.1564990174746893e-03 2.5393018407724610e-01 1.1565040905342442e-03
232 14 -7 2.5145281250000001e-01 1.1722687978330936e-03 2.5145143407724613e-01 1.1722673857456165e-03
233 14 -6 2.5375093750000000e-01 1.1582297898414511e-03 2.5374955907724611e-01 1.1582347680360579e-03
234 14 -5 2.6217687499999998e-01 1.1157340202719408e-03 2.6217549657724609e-01 1.1157365816794535e-03
235 14 -4 2.7698562500000001e-01 1.0535547960913980e-03 2.7698424657724613e-01 1.0535550917376171e-03
236 14 -3 2.9950718749999999e-01 9.7481979812196406e-04 2.9950580907724611e-01 9.7482546580580226e-04
237 14 -2 3.3186062500000002e-01 8.7940598502181410e-04 3.3185924657724614e-01 8.7940646045168991e-04
238 14 -1 3.7611250000000002e-01 7.6999622868394603e-04 3.7611112157724613e-01 7.6999609452648571e-04
239 14 0 4.2795749999999999e-01 6.6280248504927916e-04 4.2795612157724611e-01 6.6280646285669584e-04
240 15 -15 5.7131624999999997e-01 4.3925536924009281e-04 5.7131487157724603e-01 4.3927734441179044e-04
241 15 -14 4.5483249999999997e-01 6.1217600599214978e-04 4.5483112157724609e-01 6.1219239686081874e-04
242 15 -13 3.7636281249999998e-01 7.6869134898088168e-04 3.7636143407724609e-01 7.6870938835333551e-04
243 15 -12 3.2619468750000002e-01 8.9533818099185104e-04 3.2619330907724614e-01 8.9535280972034901e-04
244 15 -11 2.9319218749999998e-01 9.9863770858006715e-04 2.9319080907724610e-01 9.9864884515337522e-04
245 15 -10 2.7182468750000000e-01 1.0816598429170311e-03 2.7182330907724611e-01 1.0816691928762815e-03
246 15 -9 2.5917093749999998e-01 1.1449800451923484e-03 2.5916955907724609e-01 1.1449807154547617e-03
247 15 -8 2.5300906249999999e-01 1.1851591503417049e-03 2.5300768407724611e-01 1.1851546438699390e-03
248 15 -7 2.5325124999999998e-01 1.1861184041733566e-03 2.5324987157724610e-01 1.1861175971816485e-03
249 15 -6 2.5925593749999998e-01 1.1465064673885062e-03 2.5925455907724609e-01 1.1465061168312995e-03
250 15 -5 2.7216499999999999e-01 1.0804825842534438e-03 2.7216362157724611e-01 1.0804853541746520e-03
251 15 -4 2.9321906250000002e-01 9.9874665929412343e-04 2.9321768407724613e-01 9.9874956003171843e-04
252 15 -3 3.2576656250000002e-01 8.9720485309650530e-04 3.2576518407724614e-01 8.9720721927928875e-04
253 15 -2 3.7610531250000001e-01 7.6903569339582486e-04 3.7610393407724613e-01 7.6903977065077530e-04
254 15 -1 4.5484406249999998e-01 6.1268697560513908e-04 4.5484268407724610e-01 6.1268509187096740e-04
255 15 0 5.7127656250000003e-01 4.3974553804719909e-04 5.7127518407724609e-01 4.3975411016925262e-04
